1394215825 0.000133
1394215752 0.000127
1394215525 0.000133
1394215525 0.000133
1394215513 0.0001299
1394215372 0.00012623
1394215356 0.0001301
1394215356 0.00013013
1394215356 0.0001302
1394215356 0.0001304
1394215356 0.00013041
1394215320 0.00013041
1394215226 0.00013041
1394214943 0.00014199
1394214818 0.00014198
1394214818 0.000141
1394214818 0.00014095
1394213496 0.00014199
1394213475 0.00014199
1394212865 0.00014199
1394212865 0.00014197
1394212865 0.0001414
1394212865 0.0001414
1394212865 0.00014